data_ingestion:
  test_size     : 0.20

model_building:
  ngram_range       : [1, 3]  
  max_features      : 10000  
  n_estimators      : 969
  learning_rate     : 0.08382588716801835
  max_depth         : 9
  num_leaves        : 21
  min_child_samples : 13
  colsample_bytree  : 0.8078682750304069
  subsample         : 0.9466679838733982
  reg_alpha         : 0.045972978326232164
  reg_lambda        : 0.0028978486710934384
